id,idmaopera,idcabeza,idarticulo,codigo,nombre,cantidad,univenta,unibulto,oricod,cantorig,idoriginal,sdocant,kilos,volumen,listaprecio,precosto,precostosiva,preunita,preunitasiva,prearti,preartisiva,interno,despor,tasaiva,switch,ivauni,alcohol,perceibruto,nofactura,espromocion,iddeposito,oferfecha,oferbonif,oferbonifcant,idfrio,pesable,escambio,stock,total,idcuerfac,desctociva,desctosiva,registro,idfuerzavta,codvalido,idcabeunifica,idprodpromo,idprodregalo,cada,entrega,internofin,idctavta,uniciva,unisiva,uniciva2,unisiva2,ivauni2,idenvase,idprodgenera,hojaactual,bondigitada,cantkilos,comprome,idope,idcuerpo
0,0,0,1100000800,"219","QUESO LS RALLADO X80GS",6.00,1,112,"219",0.00,1100000800,0.00,0.080,0.000,1,26.656,22.030,32.520,26.876,32.520,26.876,0.000,0.000,21.000,"",33.860," ",1,0,0,1100000001,01-01-1900 00:00:00,0.000,0.000,1100000001,0,0,0.00,195.12,0,0.000,0.000,0,1100000001," ",0,0,0,0,0,0.000,0,195.120,161.260,195.120,161.260,33.860,1100001535,0,0,0,0.000,0,"00001","0000000001"
0,0,0,1100001022,"692","QUESO LS RALLADO X200GS",3.00,1,54,"692",0.00,1100001022,0.00,0.200,0.000,1,63.946,52.848,78.334,64.739,78.334,64.739,0.000,0.000,21.000,"",40.790," ",1,0,0,1100000001,01-01-1900 00:00:00,0.000,0.000,1100000001,0,0,0.00,235.00,0,0.000,0.000,0,1100000001," ",0,0,0,0,0,0.000,0,235.000,194.210,235.000,194.210,40.790,1100001535,0,0,0,0.000,0,"00001","0000000002"
0,0,0,1100000798,"5306","HAMBURGUESA CONG PALAD X 4 UNID",6.00,1,18,"5306",0.00,1100000798,0.00,0.332,0.000,1,44.942,37.142,56.120,46.380,56.120,46.380,0.000,0.000,21.000,"",58.440," ",1,0,0,1100000001,01-01-1900 00:00:00,0.000,0.000,1100000001,0,0,0.00,336.72,0,0.000,0.000,0,1100000001," ",0,0,0,0,0,0.000,0,336.720,278.280,336.720,278.280,58.440,0,0,0,0,0.000,0,"00001","0000000003"
0,0,0,1100000439,"448","LECHE LS ENT FORT ACD SACH  X1L",24.00,1,16,"448",0.00,1100000439,0.00,1.000,0.000,1,17.735,14.657,21.637,17.882,21.637,17.882,0.000,0.000,21.000,"",90.120," ",1,0,0,1100000001,01-01-1900 00:00:00,0.000,0.000,1100000001,0,0,0.00,519.29,0,0.000,0.000,0,1100000001," ",0,0,0,0,0,0.000,0,519.290,429.170,519.290,429.170,90.120,1100000428,0,0,0,0.000,0,"00001","0000000004"
0,0,0,1100001344,"491","LECHE LS ULT DESC FORT VIT X1L",32.00,1,16,"491",0.00,1100001344,0.00,1.000,0.000,1,17.735,14.657,21.637,17.882,21.637,17.882,0.000,0.000,21.000,"",120.170," ",1,0,0,1100000001,01-01-1900 00:00:00,0.000,0.000,1100000001,0,0,0.00,692.38,0,0.000,0.000,0,1100000001," ",0,0,0,0,0,0.000,0,692.380,572.210,692.380,572.210,120.170,1100000428,0,0,0,0.000,0,"00001","0000000005"
0,0,0,1100000554,"6423","YOGURISIMO FORT ENT SACHET 1.300KS.",6.00,1,12,"6423",0.00,1100000554,0.00,1.300,0.000,1,28.671,23.695,35.695,29.500,35.695,29.500,0.000,0.000,21.000,"",37.170," ",1,0,0,1100000001,01-01-1900 00:00:00,0.000,0.000,1100000001,0,0,0.00,214.17,0,0.000,0.000,0,1100000001," ",0,0,0,0,0,0.000,0,214.170,177.000,214.170,177.000,37.170,1100000428,0,0,0,0.000,0,"00001","0000000006"
0,0,0,1100001375,"170","CREMA DE LECHE LS X200CC",12.00,1,24,"170",0.00,1100001375,0.00,0.200,0.000,1,21.644,17.888,26.463,21.870,26.463,21.870,0.000,0.000,21.000,"",55.110," ",1,0,0,1100000001,01-01-1900 00:00:00,0.000,0.000,1100000001,0,0,0.00,317.56,0,0.000,0.000,0,1100000001," ",0,0,0,0,0,0.000,0,317.560,262.450,317.560,262.450,55.110,1100001534,0,0,0,0.000,0,"00001","0000000007"
0,0,0,1100000298,"472","CREMA DE LECHE LS X360CC",6.00,1,12,"472",0.00,1100000298,0.00,0.360,0.000,1,38.151,31.530,46.698,38.593,46.698,38.593,0.000,0.000,21.000,"",48.630," ",1,0,0,1100000001,01-01-1900 00:00:00,0.000,0.000,1100000001,0,0,0.00,280.19,0,0.000,0.000,0,1100000001," ",0,0,0,0,0,0.000,0,280.190,231.560,280.190,231.560,48.630,1100000429,0,0,0,0.000,0,"00001","0000000008"
0,0,0,1100001103,"1203","QUESO CREMA CASAMCREM LIGHT X300GS",6.00,1,12,"1203",0.00,1100001103,0.00,0.300,0.000,1,36.305,30.004,45.200,37.355,45.200,37.355,0.000,0.000,21.000,"",47.070," ",1,0,0,1100000001,01-01-1900 00:00:00,0.000,0.000,1100000001,0,0,0.00,271.20,0,0.000,0.000,0,1100000001," ",0,0,0,0,0,0.000,0,271.200,224.130,271.200,224.130,47.070,1100001537,0,0,0,0.000,0,"00001","0000000009"
0,0,0,1100001101,"1202","QUESO CREMA CASAMCREM ENT X300GS",6.00,1,12,"1202",0.00,1100001101,0.00,0.300,0.000,1,36.305,30.004,45.200,37.355,45.200,37.355,0.000,0.000,21.000,"",47.070," ",1,0,0,1100000001,01-01-1900 00:00:00,0.000,0.000,1100000001,0,0,0.00,271.20,0,0.000,0.000,0,1100000001," ",0,0,0,0,0,0.000,0,271.200,224.130,271.200,224.130,47.070,1100000429,0,0,0,0.000,0,"00001","0000000010"
0,0,0,1100000384,"618","QUESO LS FINLANDIA LIGHT X200GS",1.00,1,24,"618",0.00,1100000384,0.00,0.200,0.000,1,27.749,22.933,33.973,28.077,33.973,28.077,0.000,0.000,21.000,"",5.900," ",1,0,0,1100000001,01-01-1900 00:00:00,0.000,0.000,1100000001,0,0,0.00,33.97,0,0.000,0.000,0,1100000001," ",0,0,0,0,0,0.000,0,33.970,28.070,33.970,28.070,5.900,1100001535,0,0,0,0.000,0,"00001","0000000011"
0,0,0,1100001052,"1459","QUESO LS PORT SALUT LIGHT X200GS",1.00,1,24,"1459",0.00,1100001052,0.00,0.200,0.000,1,27.749,22.933,33.993,28.093,33.993,28.093,0.000,0.000,21.000,"",5.900," ",1,0,0,1100000001,01-01-1900 00:00:00,0.000,0.000,1100000001,0,0,0.00,33.99,0,0.000,0.000,0,1100000001," ",0,0,0,0,0,0.000,0,33.990,28.090,33.990,28.090,5.900,1100001535,0,0,0,0.000,0,"00001","0000000012"
0,0,0,1100001048,"1314","QUESO LS CREMON VIT A-D X200GS",1.00,1,24,"1314",0.00,1100001048,0.00,0.200,0.000,1,27.749,22.933,33.993,28.093,33.993,28.093,0.000,0.000,21.000,"",5.900," ",1,0,0,1100000001,01-01-1900 00:00:00,0.000,0.000,1100000001,0,0,0.00,33.99,0,0.000,0.000,0,1100000001," ",0,0,0,0,0,0.000,0,33.990,28.090,33.990,28.090,5.900,1100001535,0,0,0,0.000,0,"00001","0000000013"
0,0,0,1100001208,"9657","YOGURISIMO CREMIX SABORIZADO X  120G",8.00,1,48,"9657",0.00,1100001208,0.00,0.120,0.000,1,6.372,5.266,7.933,6.556,7.933,6.556,0.000,0.000,21.000,"",11.010," ",1,0,0,1100000001,01-01-1900 00:00:00,0.000,0.000,1100000001,0,0,0.00,63.46,0,0.000,0.000,0,1100000001," ",0,0,0,0,0,0.000,0,63.460,52.450,63.460,52.450,11.010,1100000429,0,0,0,0.000,0,"00001","0000000014"
0,0,0,1100000771,"46","SERENITO CRASH PACK X 200GS",4.00,1,24,"46",0.00,1100000771,0.00,0.200,0.000,1,22.299,18.429,27.760,22.942,27.760,22.942,0.000,0.000,21.000,"",19.270," ",1,0,0,1100000001,01-01-1900 00:00:00,0.000,0.000,1100000001,0,0,0.00,111.04,0,0.000,0.000,0,1100000001," ",0,0,0,0,0,0.000,0,111.040,91.770,111.040,91.770,19.270,1100001533,0,0,0,0.000,0,"00001","0000000015"
0,0,0,1100001197,"1104","SER FIME FORT. POTE 195GRS.",12.00,1,20,"1104",0.00,1100001197,0.00,0.195,0.000,1,15.292,12.638,19.036,15.732,19.036,15.732,0.000,0.000,21.000,"",39.640," ",1,0,0,1100000001,01-01-1900 00:00:00,0.000,0.000,1100000001,0,0,0.00,228.43,0,0.000,0.000,0,1100000001," ",0,0,0,0,0,0.000,0,228.430,188.790,228.430,188.790,39.640,1100000429,0,0,0,0.000,0,"00001","0000000016"
0,0,0,1100000775,"993","YOGUR SER C/CEREAL POTE  165GS",12.00,1,20,"993",0.00,1100000775,0.00,0.165,0.000,1,20.389,16.850,25.382,20.977,25.382,20.977,0.000,0.000,21.000,"",52.860," ",1,0,0,1100000001,01-01-1900 00:00:00,0.000,0.000,1100000001,0,0,0.00,304.58,0,0.000,0.000,0,1100000001," ",0,0,0,0,0,0.000,0,304.580,251.720,304.580,251.720,52.860,1100000429,0,0,0,0.000,0,"00001","0000000017"
0,0,0,1100000026,"6130","YOGURISIMO C/CEREALES X 166GRS",12.00,1,20,"6130",0.00,1100000026,0.00,0.166,0.000,1,20.389,16.850,25.379,20.974,25.379,20.974,0.000,0.000,21.000,"",52.860," ",1,0,0,1100000001,01-01-1900 00:00:00,0.000,0.000,1100000001,0,0,0.00,304.55,0,0.000,0.000,0,1100000001," ",0,0,0,0,0,0.000,0,304.550,251.690,304.550,251.690,52.860,1100000429,0,0,0,0.000,0,"00001","0000000018"
0,0,0,1100000410,"6012","YOGUR FIRME FORTIF. C/H X 190G",12.00,1,20,"6012",0.00,1100000410,0.00,0.190,0.000,1,15.292,12.638,19.031,15.728,19.031,15.728,0.000,0.000,21.000,"",39.630," ",1,0,0,1100000001,01-01-1900 00:00:00,0.000,0.000,1100000001,0,0,0.00,228.37,0,0.000,0.000,0,1100000001," ",0,0,0,0,0,0.000,0,228.370,188.740,228.370,188.740,39.630,1100000429,0,0,0,0.000,0,"00001","0000000019"
0,0,0,1100001385,"9656","YOGURISIMO TETRABRICK 1KG",1.00,1,16,"9656",0.00,1100001385,0.00,1.000,0.000,1,29.191,24.125,36.344,30.036,36.344,30.036,0.000,0.000,21.000,"",6.310," ",1,0,0,1100000001,01-01-1900 00:00:00,0.000,0.000,1100000001,0,0,0.00,36.34,0,0.000,0.000,0,1100000001," ",0,0,0,0,0,0.000,0,36.340,30.030,36.340,30.030,6.310,1100000428,0,0,0,0.000,0,"00001","0000000020"
0,0,0,1100000021,"95","POSTRE SERENITO X 130 GRS.",3.00,1,20,"95",0.00,1100000021,0.00,0.125,0.000,1,15.292,12.638,19.049,15.743,19.049,15.743,0.000,0.000,21.000,"",9.920," ",1,0,0,1100000001,01-01-1900 00:00:00,0.000,0.000,1100000001,0,0,0.00,57.15,0,0.000,0.000,0,1100000001," ",0,0,0,0,0,0.000,0,57.150,47.230,57.150,47.230,9.920,1100000429,0,0,0,0.000,0,"00001","0000000021"
0,0,0,1100000362,"530","POSTRE DANETTE PACK X 190 GRS.",3.00,1,36,"530",0.00,1100000362,0.00,0.190,0.000,1,23.562,19.473,29.322,24.233,29.322,24.233,0.000,0.000,21.000,"",15.270," ",1,0,0,1100000001,01-01-1900 00:00:00,0.000,0.000,1100000001,0,0,0.00,87.97,0,0.000,0.000,0,1100000001," ",0,0,0,0,0,0.000,0,87.970,72.700,87.970,72.700,15.270,1100001533,0,0,0,0.000,0,"00001","0000000022"
0,0,0,1100000845,"272","QUESO LS DAMBO BARRA X3,5KG",1.00,1,3,"272",0.00,1100000845,0.00,3.500,0.000,1,175.874,145.350,211.048,174.420,211.048,174.420,0.000,0.000,21.000,"",0.000," ",1,0,0,1100000001,01-01-1900 00:00:00,0.000,0.000,1100000001,1,0,0.00,0.00,0,0.000,0.000,0,1100000001," ",0,0,0,0,0,0.000,0,0.000,0.000,0.000,0.000,0.000,0,0,0,0,0.000,0,"00001","0000000023"
0,0,0,1100000083,"4841","SALAMINES GRUESOS PALADINI",3.00,1,24,"4841",0.00,1100000083,0.00,0.200,0.000,1,29.754,24.590,35.676,29.484,35.676,29.484,0.000,0.000,21.000,"",18.580," ",1,0,0,1100000001,01-01-1900 00:00:00,0.000,0.000,1100000001,0,0,0.00,107.03,0,0.000,0.000,0,1100000001," ",0,0,0,0,0,0.000,0,107.030,88.450,107.030,88.450,18.580,0,0,0,0,0.000,0,"00001","0000000024"
0,0,0,1100000577,"4810","FIAMBRE DE PALETA DE CERDO X 4.5KG",1.00,1,1,"4810",0.00,1100000577,0.00,4.500,0.000,1,96.381,79.654,115.508,95.461,115.508,95.461,0.000,0.000,21.000,"",0.000," ",1,0,0,1100000001,01-01-1900 00:00:00,0.000,0.000,1100000001,1,0,0.00,0.00,0,0.000,0.000,0,1100000001," ",0,0,0,0,0,0.000,0,0.000,0.000,0.000,0.000,0.000,0,0,0,0,0.000,0,"00001","0000000025"
0,0,0,1100000123,"1550","YM LA MERCED DE CAMPO 6 X1/2KG OC",6.00,1,6,"1550",0.00,1100000123,0.00,0.500,0.000,1,48.474,40.061,57.949,47.892,57.949,47.892,0.000,0.000,21.000,"",60.340," ",1,0,0,1100000001,01-01-1900 00:00:00,0.000,0.000,1100000001,0,0,0.00,347.69,0,0.000,0.000,0,1100000001," ",0,0,0,0,0,0.000,0,347.690,287.350,347.690,287.350,60.340,0,0,0,0,0.000,0,"00001","0000000026"
0,0,0,1100000195,"1552","YM LA MERCED BARBACUA 6 X1/2KG OC",6.00,1,6,"1552",0.00,1100000195,0.00,0.500,0.000,1,48.474,40.061,57.949,47.892,57.949,47.892,0.000,0.000,21.000,"",60.340," ",1,0,0,1100000001,01-01-1900 00:00:00,0.000,0.000,1100000001,0,0,0.00,347.69,0,0.000,0.000,0,1100000001," ",0,0,0,0,0,0.000,0,347.690,287.350,347.690,287.350,60.340,0,0,0,0,0.000,0,"00001","0000000027"
0,0,0,1100000217,"1132","TE TARAGUI MANZANILLA 6 X25SAQ",6.00,1,6,"1132",0.00,1100000217,0.00,0.050,0.000,1,16.935,13.996,20.332,16.803,20.332,16.803,0.000,0.000,21.000,"",21.170," ",1,0,0,1100000001,01-01-1900 00:00:00,0.000,0.000,1100000001,0,0,0.00,121.99,0,0.000,0.000,0,1100000001," ",0,0,0,0,0,0.000,0,121.990,100.820,121.990,100.820,21.170,0,0,0,0,0.000,0,"00001","0000000028"
0,0,0,1100000131,"1084","MC TARAGUI  S/ENSOBRAR X25SAQ",10.00,1,10,"1084",0.00,1100000131,0.00,0.075,0.000,1,12.156,10.046,14.830,12.256,14.830,12.256,0.000,0.000,21.000,"",25.740," ",1,0,0,1100000001,01-01-1900 00:00:00,0.000,0.000,1100000001,0,0,0.00,148.30,0,0.000,0.000,0,1100000001," ",0,0,0,0,0,0.000,0,148.300,122.560,148.300,122.560,25.740,0,0,0,0,0.000,0,"00001","0000000029"
0,0,0,1100000298,"472","CREMA DE LECHE LS X360CC",6.00,1,12,"472",0.00,1100000298,0.00,0.360,0.000,1,38.151,31.530,46.698,38.593,46.698,38.593,0.000,0.000,21.000,"",48.630," ",1,0,0,1100000001,01-01-1900 00:00:00,0.000,0.000,1100000001,0,0,0.00,280.19,0,0.000,0.000,0,1100000001," ",0,0,0,0,0,0.000,0,280.190,231.560,280.190,231.560,48.630,1100000429,0,0,0,0.000,0,"00002","0000000030"
0,0,0,1100000013,"54","MANTECA LS X200GS",10.00,1,10,"54",0.00,1100000013,0.00,0.200,0.000,1,31.381,25.935,39.227,32.419,39.227,32.419,0.000,0.000,21.000,"",68.080," ",1,0,0,1100000001,01-01-1900 00:00:00,0.000,0.000,1100000001,0,0,0.00,392.27,0,0.000,0.000,0,1100000001," ",0,0,0,0,0,0.000,0,392.270,324.190,392.270,324.190,68.080,0,0,0,0,0.000,0,"00002","0000000031"
0,0,0,1100000523,"90","QUESO LS FIAMBRIN PROC X2KG",1.00,1,9,"90",0.00,1100000523,0.00,2.000,0.000,1,327.929,271.016,391.515,323.566,391.515,323.566,0.000,0.000,21.000,"",67.950," ",1,0,0,1100000001,01-01-1900 00:00:00,0.000,0.000,1100000001,0,0,0.00,391.52,0,0.000,0.000,0,1100000001," ",0,0,0,0,0,0.000,0,391.520,323.570,391.520,323.570,67.950,1100000428,0,0,0,0.000,0,"00002","0000000032"
0,0,0,1100000801,"706","QUESO LS CHEDDAR BARRA X2KG",1.00,1,9,"706",0.00,1100000801,0.00,2.000,0.000,1,320.113,264.556,390.535,322.756,390.535,322.756,0.000,0.000,21.000,"",67.780," ",1,0,0,1100000001,01-01-1900 00:00:00,0.000,0.000,1100000001,0,0,0.00,390.54,0,0.000,0.000,0,1100000001," ",0,0,0,0,0,0.000,0,390.540,322.760,390.540,322.760,67.780,1100000428,0,0,0,0.000,0,"00002","0000000033"
0,0,0,1100000608,"160","QUESO LS CREMON HORMA X3KG",1.00,1,6,"160",0.00,1100000608,0.00,3.250,0.000,1,145.964,120.631,178.076,147.170,178.076,147.170,0.000,0.000,21.000,"",0.000," ",1,0,0,1100000001,01-01-1900 00:00:00,0.000,0.000,1100000001,1,0,0.00,0.00,0,0.000,0.000,0,1100000001," ",0,0,0,0,0,0.000,0,0.000,0.000,0.000,0.000,0.000,0,0,0,0,0.000,0,"00002","0000000034"
0,0,0,1100000082,"4840","SALAMINES FINOS PALADINI",15.00,1,24,"4840",0.00,1100000082,0.00,0.155,0.000,1,29.754,24.590,35.676,29.484,35.676,29.484,0.000,0.000,21.000,"",92.880," ",1,0,0,1100000001,01-01-1900 00:00:00,0.000,0.000,1100000001,0,0,0.00,535.14,0,0.000,0.000,0,1100000001," ",0,0,0,0,0,0.000,0,535.140,442.260,535.140,442.260,92.880,0,0,0,0,0.000,0,"00002","0000000035"
0,0,0,1100000026,"6130","YOGURISIMO C/CEREALES X 166GRS",6.00,1,20,"6130",0.00,1100000026,0.00,0.166,0.000,1,20.389,16.850,25.379,20.974,25.379,20.974,0.000,0.000,21.000,"",26.430," ",1,0,0,1100000001,01-01-1900 00:00:00,0.000,0.000,1100000001,0,0,0.00,152.27,0,0.000,0.000,0,1100000001," ",0,0,0,0,0,0.000,0,152.270,125.840,152.270,125.840,26.430,1100000429,0,0,0,0.000,0,"00002","0000000036"
0,0,0,1100000084,"4843","BONDIOLA PALADINI",1.00,1,5,"4843",0.00,1100000084,0.00,0.700,0.000,1,248.100,205.041,297.570,245.926,297.570,245.926,0.000,0.000,21.000,"",0.000," ",1,0,0,1100000001,01-01-1900 00:00:00,0.000,0.000,1100000001,1,0,0.00,0.00,0,0.000,0.000,0,1100000001," ",0,0,0,0,0,0.000,0,0.000,0.000,0.000,0.000,0.000,0,0,0,0,0.000,0,"00002","0000000037"
0,0,0,1100000554,"6423","YOGURISIMO FORT ENT SACHET 1.300KS.",8.00,1,12,"6423",0.00,1100000554,0.00,1.300,0.000,1,28.671,23.695,35.695,29.500,35.695,29.500,0.000,0.000,21.000,"",49.560," ",1,0,0,1100000001,01-01-1900 00:00:00,0.000,0.000,1100000001,0,0,0.00,285.56,0,0.000,0.000,0,1100000001," ",0,0,0,0,0,0.000,0,285.560,236.000,285.560,236.000,49.560,1100000428,0,0,0,0.000,0,"00002","0000000038"
0,0,0,1100000248,"9574","ACTIMEL PACK  600GS",1.00,1,8,"9574",0.00,1100000248,0.00,0.600,0.000,1,68.173,56.341,84.896,70.162,84.896,70.162,0.000,0.000,21.000,"",14.730," ",1,0,0,1100000001,01-01-1900 00:00:00,0.000,0.000,1100000001,0,0,0.00,84.90,0,0.000,0.000,0,1100000001," ",0,0,0,0,0,0.000,0,84.900,70.170,84.900,70.170,14.730,0,0,0,0,0.000,0,"00002","0000000039"
0,0,0,1100000816,"1666","VIDACOL PACK X 400 GS",1.00,1,12,"1666",0.00,1100000816,0.00,0.400,0.000,1,71.368,58.982,88.854,73.433,88.854,73.433,0.000,0.000,21.000,"",15.420," ",1,0,0,1100000001,01-01-1900 00:00:00,0.000,0.000,1100000001,0,0,0.00,88.85,0,0.000,0.000,0,1100000001," ",0,0,0,0,0,0.000,0,88.850,73.430,88.850,73.430,15.420,0,0,0,0,0.000,0,"00002","0000000040"
0,0,0,1100001089,"9425","ACTICIA PACK ENT X 500 GS",1.00,1,12,"9425",0.00,1100001089,0.00,0.500,0.000,1,52.244,43.177,65.044,53.755,65.044,53.755,0.000,0.000,21.000,"",11.290," ",1,0,0,1100000001,01-01-1900 00:00:00,0.000,0.000,1100000001,0,0,0.00,65.04,0,0.000,0.000,0,1100000001," ",0,0,0,0,0,0.000,0,65.040,53.750,65.040,53.750,11.290,1100001533,0,0,0,0.000,0,"00002","0000000041"
0,0,0,1100001627,"5500","LEVADURA CLASICA (FRESCA) X 20 UNID",1.00,1,1,"5500",0.00,1100001627,0.00,1.000,0.000,1,112.484,92.962,135.468,111.957,135.468,111.957,0.000,0.000,21.000,"",23.510," ",1,0,0,1100000001,01-01-1900 00:00:00,0.000,0.000,1100000001,0,0,0.00,135.47,0,0.000,0.000,0,1100000001," ",0,0,0,0,0,0.000,0,135.470,111.960,135.470,111.960,23.510,0,0,0,0,0.000,0,"00002","0000000042"
0,0,0,1100001034,"1621","LECHE LS UAT DESC E/C VIT B9 BRICK X1L",12.00,1,12,"1621",0.00,1100001034,0.00,1.000,0.000,1,22.829,18.867,27.966,23.112,27.966,23.112,0.000,0.000,21.000,"",58.240," ",1,0,0,1100000001,01-01-1900 00:00:00,0.000,0.000,1100000001,0,0,0.00,335.59,0,0.000,0.000,0,1100000001," ",0,0,0,0,0,0.000,0,335.590,277.350,335.590,277.350,58.240,0,0,0,0,0.000,0,"00002","0000000043"
0,0,0,1100001515,"4921","LECHE EN POLVO NOAL DESC X400GS",3.00,1,24,"4921",0.00,1100001515,0.00,0.000,0.000,1,40.217,33.237,49.265,40.715,49.265,40.715,0.000,0.000,21.000,"",25.650," ",1,0,0,1100000001,01-01-1900 00:00:00,0.000,0.000,1100000001,0,0,0.00,147.80,0,0.000,0.000,0,1100000001," ",0,0,0,0,0,0.000,0,147.800,122.150,147.800,122.150,25.650,0,0,0,0,0.000,0,"00002","0000000044"
0,0,0,1100001514,"4920","LECHE EN POLVO NOAL ENT X400GS",2.00,1,24,"4920",0.00,1100001514,0.00,0.000,0.000,1,39.130,32.339,47.934,39.615,47.934,39.615,0.000,0.000,21.000,"",16.640," ",1,0,0,1100000001,01-01-1900 00:00:00,0.000,0.000,1100000001,0,0,0.00,95.87,0,0.000,0.000,0,1100000001," ",0,0,0,0,0,0.000,0,95.870,79.230,95.870,79.230,16.640,0,0,0,0,0.000,0,"00002","0000000045"
0,0,0,1100000798,"5306","HAMBURGUESA CONG PALAD X 4 UNID",6.00,1,18,"5306",0.00,1100000798,0.00,0.332,0.000,1,44.942,37.142,56.120,46.380,56.120,46.380,0.000,0.000,21.000,"",58.440," ",1,0,0,1100000001,01-01-1900 00:00:00,0.000,0.000,1100000001,0,0,0.00,336.72,0,0.000,0.000,0,1100000001," ",0,0,0,0,0,0.000,0,336.720,278.280,336.720,278.280,58.440,0,0,0,0,0.000,0,"00003","0000000046"
0,0,0,1100001546,"3601","TOSTADAS ALA CLASICA 10 X 120GS",10.00,1,10,"3601",0.00,1100001546,0.00,0.120,0.000,1,13.863,11.457,16.913,13.978,16.913,13.978,0.000,0.000,21.000,"",29.350," ",1,0,0,1100000001,01-01-1900 00:00:00,0.000,0.000,1100000001,0,0,0.00,169.13,0,0.000,0.000,0,1100000001," ",0,0,0,0,0,0.000,0,169.130,139.780,169.130,139.780,29.350,0,0,0,0,0.000,0,"00003","0000000047"
